name_country,code_country,date_reported,new_cases,cumulative_cases,new_deaths,cumulative_deaths
Guatemala,GT,2021-01-01,846,138012,10,4813
Guatemala,GT,2021-01-02,224,138236,7,4820
Guatemala,GT,2021-01-03,80,138316,7,4827
Guatemala,GT,2021-01-04,159,138475,6,4833
Guatemala,GT,2021-01-05,181,138656,2,4835
Guatemala,GT,2021-01-06,763,139419,24,4859
Guatemala,GT,2021-01-07,783,140202,40,4899
Guatemala,GT,2021-01-08,872,141074,29,4928
Guatemala,GT,2021-01-09,990,142064,44,4972
Guatemala,GT,2021-01-10,1063,143127,27,4999
Guatemala,GT,2021-01-11,116,143243,26,5025
Guatemala,GT,2021-01-12,733,143976,0,5025
Guatemala,GT,2021-01-13,1028,145004,92,5117
Guatemala,GT,2021-01-14,982,145986,0,5117
Guatemala,GT,2021-01-15,951,146937,34,5151
Guatemala,GT,2021-01-16,623,147560,26,5177
Guatemala,GT,2021-01-17,1038,148598,43,5220
Guatemala,GT,2021-01-18,290,148888,34,5254
Guatemala,GT,2021-01-19,258,149146,24,5278
Guatemala,GT,2021-01-20,1131,150277,35,5313
Guatemala,GT,2021-01-21,1047,151324,30,5343
Guatemala,GT,2021-01-22,1071,152395,46,5389
Guatemala,GT,2021-01-23,561,152956,31,5420
Guatemala,GT,2021-01-24,934,153890,36,5456
Guatemala,GT,2021-01-25,322,154212,9,5465
Guatemala,GT,2021-01-26,218,154430,4,5469
Guatemala,GT,2021-01-27,1029,155459,17,5486
Guatemala,GT,2021-01-28,1038,156497,27,5513
Guatemala,GT,2021-01-29,1098,157595,30,5543
Guatemala,GT,2021-01-30,741,158336,39,5582
Guatemala,GT,2021-01-31,782,159118,36,5618
Guatemala,GT,2021-02-01,386,159504,25,5643
Guatemala,GT,2021-02-02,128,159632,30,5673
Guatemala,GT,2021-02-03,667,160299,36,5709
Guatemala,GT,2021-02-04,667,160966,27,5736
Guatemala,GT,2021-02-05,699,161665,49,5785
Guatemala,GT,2021-02-06,630,162295,31,5816
Guatemala,GT,2021-02-07,642,162937,38,5854
Guatemala,GT,2021-02-08,200,163137,30,5884
Guatemala,GT,2021-02-09,110,163247,38,5922
Guatemala,GT,2021-02-10,746,163993,33,5955
Guatemala,GT,2021-02-11,753,164746,34,5989
Guatemala,GT,2021-02-12,786,165532,34,6023
Guatemala,GT,2021-02-13,751,166283,34,6057
Guatemala,GT,2021-02-14,788,167071,37,6094
Guatemala,GT,2021-02-15,208,167279,30,6124
Guatemala,GT,2021-02-16,104,167383,26,6150
Guatemala,GT,2021-02-17,720,168103,8,6158
Guatemala,GT,2021-02-18,777,168880,6,6164
Guatemala,GT,2021-02-19,730,169610,22,6186
Guatemala,GT,2021-02-20,665,170275,34,6220
Guatemala,GT,2021-02-21,656,170931,29,6249
Guatemala,GT,2021-02-22,239,171170,33,6282
Guatemala,GT,2021-02-23,119,171289,24,6306
Guatemala,GT,2021-02-24,783,172072,9,6315
Guatemala,GT,2021-02-25,692,172764,12,6327
Guatemala,GT,2021-02-26,378,173142,7,6334
Guatemala,GT,2021-02-27,672,173814,14,6348
Guatemala,GT,2021-02-28,521,174335,26,6374
Guatemala,GT,2021-03-01,207,174542,19,6393
Guatemala,GT,2021-03-02,111,174653,9,6402
Guatemala,GT,2021-03-03,0,174653,0,6402
Guatemala,GT,2021-03-04,758,175411,10,6412
Guatemala,GT,2021-03-05,839,176250,15,6427
Guatemala,GT,2021-03-06,626,176876,8,6435
Guatemala,GT,2021-03-07,1461,178337,32,6467
Guatemala,GT,2021-03-08,223,178560,6,6473
Guatemala,GT,2021-03-09,210,178770,6,6479
Guatemala,GT,2021-03-10,793,179563,14,6493
Guatemala,GT,2021-03-11,830,180393,29,6522
Guatemala,GT,2021-03-12,750,181143,9,6531
Guatemala,GT,2021-03-13,831,181974,15,6546
Guatemala,GT,2021-03-14,705,182679,17,6563
Guatemala,GT,2021-03-15,202,182881,5,6568
Guatemala,GT,2021-03-16,133,183014,7,6575
Guatemala,GT,2021-03-17,971,183985,24,6599
Guatemala,GT,2021-03-18,6,183991,20,6619
Guatemala,GT,2021-03-19,943,184934,0,6619
Guatemala,GT,2021-03-20,1806,186740,44,6663
Guatemala,GT,2021-03-21,919,187659,22,6685
Guatemala,GT,2021-03-22,252,187911,15,6700
Guatemala,GT,2021-03-23,208,188119,10,6710
Guatemala,GT,2021-03-24,948,189067,20,6730
Guatemala,GT,2021-03-25,1141,190208,19,6749
Guatemala,GT,2021-03-26,999,191207,16,6765
Guatemala,GT,2021-03-27,926,192133,10,6775
Guatemala,GT,2021-03-28,917,193050,19,6794
Guatemala,GT,2021-03-29,327,193377,8,6802
Guatemala,GT,2021-03-30,179,193556,7,6809
Guatemala,GT,2021-03-31,278,193834,14,6823
Guatemala,GT,2021-04-01,564,194398,17,6840
Guatemala,GT,2021-04-02,358,194756,20,6860
Guatemala,GT,2021-04-03,280,195036,15,6875
Guatemala,GT,2021-04-04,203,195239,9,6884
Guatemala,GT,2021-04-05,232,195471,7,6891
Guatemala,GT,2021-04-06,209,195680,3,6894
Guatemala,GT,2021-04-07,1340,197020,9,6903
Guatemala,GT,2021-04-08,1354,198374,25,6928
Guatemala,GT,2021-04-09,1590,199964,27,6955
Guatemala,GT,2021-04-10,1331,201295,22,6977
Guatemala,GT,2021-04-11,1345,202640,24,7001
Guatemala,GT,2021-04-12,431,203071,15,7016
Guatemala,GT,2021-04-13,238,203309,4,7020
Guatemala,GT,2021-04-14,2013,205322,37,7057
Guatemala,GT,2021-04-15,1805,207127,32,7089
Guatemala,GT,2021-04-16,1567,208694,31,7120
Guatemala,GT,2021-04-17,1973,210667,40,7160
Guatemala,GT,2021-04-18,1640,212307,30,7190
Guatemala,GT,2021-04-19,427,212734,31,7221
Guatemala,GT,2021-04-20,315,213049,20,7241
Guatemala,GT,2021-04-21,1651,214700,38,7279
Guatemala,GT,2021-04-22,1629,216329,30,7309
Guatemala,GT,2021-04-23,1816,218145,36,7345
Guatemala,GT,2021-04-24,1644,219789,29,7374
Guatemala,GT,2021-04-25,1518,221307,21,7395
Guatemala,GT,2021-04-26,391,221698,15,7410
Guatemala,GT,2021-04-27,241,221939,18,7428
Guatemala,GT,2021-04-28,1086,223025,25,7453
Guatemala,GT,2021-04-29,1596,224621,25,7478
Guatemala,GT,2021-04-30,1626,226247,22,7500
Guatemala,GT,2021-05-01,1424,227671,24,7524
Guatemala,GT,2021-05-02,806,228477,19,7543
Guatemala,GT,2021-05-03,207,228684,15,7558
Guatemala,GT,2021-05-04,187,228871,20,7578
Guatemala,GT,2021-05-05,1224,230095,28,7606
Guatemala,GT,2021-05-06,1194,231289,36,7642
Guatemala,GT,2021-05-07,1150,232439,35,7677
Guatemala,GT,2021-05-08,1257,233696,18,7695
Guatemala,GT,2021-05-09,1187,234883,22,7717
Guatemala,GT,2021-05-10,206,235089,16,7733
Guatemala,GT,2021-05-11,215,235304,3,7736
Guatemala,GT,2021-05-12,962,236266,40,7776
Guatemala,GT,2021-05-13,1416,237682,39,7815
Guatemala,GT,2021-05-14,1105,238787,17,7832
Guatemala,GT,2021-05-15,1383,240170,13,7845
Guatemala,GT,2021-05-16,947,241117,27,7872
Guatemala,GT,2021-05-17,252,241369,15,7887
Guatemala,GT,2021-05-18,159,241528,6,7893
Guatemala,GT,2021-05-19,1256,242784,20,7913
Guatemala,GT,2021-05-20,1049,243833,15,7928
Guatemala,GT,2021-05-21,1414,245247,24,7952
Guatemala,GT,2021-05-22,909,246156,25,7977
Guatemala,GT,2021-05-23,950,247106,19,7996
Guatemala,GT,2021-05-24,348,247454,4,8000
Guatemala,GT,2021-05-25,190,247644,9,8009
Guatemala,GT,2021-05-26,1180,248824,13,8022
Guatemala,GT,2021-05-27,1472,250296,36,8058
Guatemala,GT,2021-05-28,1040,251336,12,8070
Guatemala,GT,2021-05-29,1593,252929,24,8094
Guatemala,GT,2021-05-30,908,253837,27,8121
Guatemala,GT,2021-05-31,388,254225,16,8137
Guatemala,GT,2021-06-01,192,254417,28,8165
Guatemala,GT,2021-06-02,1416,255833,18,8183
Guatemala,GT,2021-06-03,1334,257167,31,8214
Guatemala,GT,2021-06-04,1466,258633,24,8238
Guatemala,GT,2021-06-05,1321,259954,20,8258
Guatemala,GT,2021-06-06,1438,261392,22,8280
Guatemala,GT,2021-06-07,566,261958,14,8294
Guatemala,GT,2021-06-08,297,262255,11,8305
Guatemala,GT,2021-06-09,1581,263836,26,8331
Guatemala,GT,2021-06-10,1826,265662,30,8361
Guatemala,GT,2021-06-11,1785,267447,27,8388
Guatemala,GT,2021-06-12,1861,269308,28,8416
Guatemala,GT,2021-06-13,1823,271131,23,8439
Guatemala,GT,2021-06-14,572,271703,16,8455
Guatemala,GT,2021-06-15,287,271990,10,8465
Guatemala,GT,2021-06-16,1740,273730,35,8500
Guatemala,GT,2021-06-17,1472,275202,27,8527
Guatemala,GT,2021-06-18,1725,276927,22,8549
Guatemala,GT,2021-06-19,1482,278409,46,8595
Guatemala,GT,2021-06-20,1538,279947,50,8645
Guatemala,GT,2021-06-21,560,280507,49,8694
Guatemala,GT,2021-06-22,347,280854,41,8735
Guatemala,GT,2021-06-23,1859,282713,50,8785
Guatemala,GT,2021-06-24,2028,284741,60,8845
Guatemala,GT,2021-06-25,1967,286708,49,8894
Guatemala,GT,2021-06-26,2273,288981,66,8960
Guatemala,GT,2021-06-27,1871,290852,48,9008
Guatemala,GT,2021-06-28,743,291595,42,9050
Guatemala,GT,2021-06-29,382,291977,39,9089
Guatemala,GT,2021-06-30,697,292674,58,9147
Guatemala,GT,2021-07-01,909,293583,68,9215
Guatemala,GT,2021-07-02,2855,296438,67,9282
Guatemala,GT,2021-07-03,2466,298904,68,9350
Guatemala,GT,2021-07-04,2285,301189,69,9419
Guatemala,GT,2021-07-05,823,302012,42,9461
Guatemala,GT,2021-07-06,522,302534,37,9498
Guatemala,GT,2021-07-07,2785,305319,50,9548
Guatemala,GT,2021-07-08,2954,308273,25,9573
Guatemala,GT,2021-07-09,3069,311342,36,9609
Guatemala,GT,2021-07-10,2960,314302,33,9642
Guatemala,GT,2021-07-11,3009,317311,46,9688
Guatemala,GT,2021-07-12,1230,318541,25,9713
Guatemala,GT,2021-07-13,616,319157,8,9721
Guatemala,GT,2021-07-14,2963,322120,35,9756
Guatemala,GT,2021-07-15,2904,325024,42,9798
Guatemala,GT,2021-07-16,2731,327755,36,9834
Guatemala,GT,2021-07-17,2896,330651,37,9871
Guatemala,GT,2021-07-18,2475,333126,27,9898
Guatemala,GT,2021-07-19,701,333827,16,9914
Guatemala,GT,2021-07-20,548,334375,13,9927
Guatemala,GT,2021-07-21,3387,337762,78,10005
Guatemala,GT,2021-07-22,3095,340857,11,10016
Guatemala,GT,2021-07-23,3364,344221,13,10029
Guatemala,GT,2021-07-24,3275,347496,34,10063
Guatemala,GT,2021-07-25,3320,350816,30,10093
Guatemala,GT,2021-07-26,1272,352088,7,10100
Guatemala,GT,2021-07-27,496,352584,12,10112
Guatemala,GT,2021-07-28,2639,355223,64,10176
Guatemala,GT,2021-07-29,3575,358798,48,10224
Guatemala,GT,2021-07-30,3336,362134,24,10248
Guatemala,GT,2021-07-31,0,362134,0,10248
Guatemala,GT,2021-08-01,6350,368484,91,10339
Guatemala,GT,2021-08-02,1142,369626,74,10413
Guatemala,GT,2021-08-03,632,370258,35,10448
Guatemala,GT,2021-08-04,2789,373047,35,10483
Guatemala,GT,2021-08-05,4399,377446,41,10524
Guatemala,GT,2021-08-06,4068,381514,54,10578
Guatemala,GT,2021-08-07,3998,385512,66,10644
Guatemala,GT,2021-08-08,3998,389510,70,10714
Guatemala,GT,2021-08-09,1004,390514,57,10771
Guatemala,GT,2021-08-10,604,391118,37,10808
Guatemala,GT,2021-08-11,3254,394372,37,10845
Guatemala,GT,2021-08-12,4618,398990,53,10898
Guatemala,GT,2021-08-13,4358,403348,62,10960
Guatemala,GT,2021-08-14,4216,407564,46,11006
Guatemala,GT,2021-08-15,4167,411731,79,11085
Guatemala,GT,2021-08-16,0,411731,0,11085
Guatemala,GT,2021-08-17,2066,413797,104,11189
Guatemala,GT,2021-08-18,3823,417620,30,11219
Guatemala,GT,2021-08-19,4650,422270,54,11273
Guatemala,GT,2021-08-20,5826,428096,66,11339
Guatemala,GT,2021-08-21,5243,433339,33,11372
Guatemala,GT,2021-08-22,4580,437919,78,11450
Guatemala,GT,2021-08-23,1334,439253,50,11500
Guatemala,GT,2021-08-24,754,440007,16,11516
Guatemala,GT,2021-08-25,4917,444924,36,11552
Guatemala,GT,2021-08-26,5226,450150,63,11615
Guatemala,GT,2021-08-27,5113,455263,79,11694
Guatemala,GT,2021-08-28,4754,460017,74,11768
Guatemala,GT,2021-08-29,3736,463753,50,11818
Guatemala,GT,2021-08-30,1306,465059,40,11858
Guatemala,GT,2021-08-31,740,465799,28,11886
Guatemala,GT,2021-09-01,4478,470277,40,11926
Guatemala,GT,2021-09-02,5271,475548,81,12007
Guatemala,GT,2021-09-03,3828,479376,91,12098
Guatemala,GT,2021-09-04,4887,484263,57,12155
Guatemala,GT,2021-09-05,2556,486819,48,12203
Guatemala,GT,2021-09-06,1079,487898,62,12265
Guatemala,GT,2021-09-07,640,488538,50,12315
Guatemala,GT,2021-09-08,4032,492570,73,12388
Guatemala,GT,2021-09-09,5120,497690,80,12468
Guatemala,GT,2021-09-10,0,497690,0,12468
Guatemala,GT,2021-09-11,3150,500840,76,12544
Guatemala,GT,2021-09-12,8814,509654,121,12665
Guatemala,GT,2021-09-13,1070,510724,45,12710
Guatemala,GT,2021-09-14,733,511457,44,12754
Guatemala,GT,2021-09-15,4299,515756,41,12795
Guatemala,GT,2021-09-16,4230,519986,64,12859
Guatemala,GT,2021-09-17,1107,521093,48,12907
Guatemala,GT,2021-09-18,4068,525161,40,12947
Guatemala,GT,2021-09-19,4261,529422,93,13040
Guatemala,GT,2021-09-20,0,529422,0,13040
Guatemala,GT,2021-09-21,604,530026,21,13061
Guatemala,GT,2021-09-22,3718,533744,54,13115
Guatemala,GT,2021-09-23,4243,537987,70,13185
Guatemala,GT,2021-09-24,4037,542024,56,13241
Guatemala,GT,2021-09-25,3772,545796,42,13283
Guatemala,GT,2021-09-26,2808,548604,48,13331
Guatemala,GT,2021-09-27,956,549560,44,13375
Guatemala,GT,2021-09-28,773,550333,19,13394
Guatemala,GT,2021-09-29,2956,553289,59,13453
Guatemala,GT,2021-09-30,3955,557244,72,13525
Guatemala,GT,2021-10-01,3071,560315,39,13564
Guatemala,GT,2021-10-02,2942,563257,61,13625
Guatemala,GT,2021-10-03,2309,565566,75,13700
Guatemala,GT,2021-10-04,684,566250,30,13730
Guatemala,GT,2021-10-05,386,566636,20,13750
Guatemala,GT,2021-10-06,2804,569440,44,13794
Guatemala,GT,2021-10-07,2663,572103,57,13851
Guatemala,GT,2021-10-08,2610,574713,51,13902
Guatemala,GT,2021-10-09,2105,576818,36,13938
Guatemala,GT,2021-10-10,1991,578809,48,13986
Guatemala,GT,2021-10-11,680,579489,41,14027
Guatemala,GT,2021-10-12,285,579774,39,14066
Guatemala,GT,2021-10-13,1724,581498,52,14118
Guatemala,GT,2021-10-14,1703,583201,59,14177
Guatemala,GT,2021-10-15,1412,584613,27,14204
Guatemala,GT,2021-10-16,1705,586318,32,14236
Guatemala,GT,2021-10-17,1369,587687,30,14266
Guatemala,GT,2021-10-18,382,588069,64,14330
Guatemala,GT,2021-10-19,193,588262,57,14387
Guatemala,GT,2021-10-20,1724,589986,49,14436
Guatemala,GT,2021-10-21,1474,591460,79,14515
Guatemala,GT,2021-10-22,307,591767,51,14566
Guatemala,GT,2021-10-23,1692,593459,49,14615
Guatemala,GT,2021-10-24,0,593459,0,14615
Guatemala,GT,2021-10-25,1206,594665,40,14655
Guatemala,GT,2021-10-26,402,595067,93,14748
Guatemala,GT,2021-10-27,1350,596417,49,14797
Guatemala,GT,2021-10-28,1351,597768,65,14862
Guatemala,GT,2021-10-29,1274,599042,66,14928
Guatemala,GT,2021-10-30,0,599042,0,14928
Guatemala,GT,2021-10-31,2360,601402,92,15020
Guatemala,GT,2021-11-01,170,601572,74,15094
Guatemala,GT,2021-11-02,85,601657,43,15137
Guatemala,GT,2021-11-03,136,601793,42,15179
Guatemala,GT,2021-11-04,782,602575,43,15222
Guatemala,GT,2021-11-05,1066,603641,59,15281
Guatemala,GT,2021-11-06,945,604586,57,15338
Guatemala,GT,2021-11-07,829,605415,51,15389
Guatemala,GT,2021-11-08,334,605749,85,15474
Guatemala,GT,2021-11-09,0,605749,0,15474
Guatemala,GT,2021-11-10,0,605749,0,15474
Guatemala,GT,2021-11-11,994,606743,46,15520
Guatemala,GT,2021-11-12,754,607497,58,15578
Guatemala,GT,2021-11-13,810,608307,49,15627
Guatemala,GT,2021-11-14,829,609136,48,15675
Guatemala,GT,2021-11-15,868,610004,39,15714
Guatemala,GT,2021-11-16,30,610034,16,15730
Guatemala,GT,2021-11-17,0,610034,0,15730
Guatemala,GT,2021-11-18,557,610591,19,15749
Guatemala,GT,2021-11-19,783,611374,26,15775
Guatemala,GT,2021-11-20,813,612187,27,15802
Guatemala,GT,2021-11-21,1526,613713,35,15837
Guatemala,GT,2021-11-22,179,613892,3,15840
Guatemala,GT,2021-11-23,58,613950,9,15849
Guatemala,GT,2021-11-24,960,614910,6,15855
Guatemala,GT,2021-11-25,815,615725,15,15870
Guatemala,GT,2021-11-26,829,616554,15,15885
Guatemala,GT,2021-11-27,483,617037,13,15898
Guatemala,GT,2021-11-28,458,617495,19,15917
Guatemala,GT,2021-11-29,115,617610,11,15928
Guatemala,GT,2021-11-30,0,617610,0,15928
Guatemala,GT,2021-12-01,374,617984,15,15943
Guatemala,GT,2021-12-02,452,618436,13,15956
Guatemala,GT,2021-12-03,291,618727,11,15967
Guatemala,GT,2021-12-04,313,619040,5,15972
Guatemala,GT,2021-12-05,0,619040,0,15972
Guatemala,GT,2021-12-06,502,619542,8,15980
Guatemala,GT,2021-12-07,310,619852,6,15986
Guatemala,GT,2021-12-08,39,619891,6,15992
Guatemala,GT,2021-12-09,544,620435,7,15999
Guatemala,GT,2021-12-10,418,620853,9,16008
Guatemala,GT,2021-12-11,475,621328,12,16020
Guatemala,GT,2021-12-12,516,621844,9,16029
Guatemala,GT,2021-12-13,324,622168,7,16036
Guatemala,GT,2021-12-14,61,622229,8,16044
Guatemala,GT,2021-12-15,8,622237,4,16048
Guatemala,GT,2021-12-16,288,622525,3,16051
Guatemala,GT,2021-12-17,341,622866,6,16057
Guatemala,GT,2021-12-18,329,623195,4,16061
Guatemala,GT,2021-12-19,254,623449,4,16065
Guatemala,GT,2021-12-20,213,623662,2,16067
Guatemala,GT,2021-12-21,69,623731,5,16072
Guatemala,GT,2021-12-22,64,623795,5,16077
Guatemala,GT,2021-12-23,376,624171,4,16081
Guatemala,GT,2021-12-24,373,624544,4,16085
Guatemala,GT,2021-12-25,322,624866,4,16089
Guatemala,GT,2021-12-26,163,625029,6,16095
Guatemala,GT,2021-12-27,98,625127,1,16096
Guatemala,GT,2021-12-28,39,625166,1,16097
Guatemala,GT,2021-12-29,91,625257,1,16098
Guatemala,GT,2021-12-30,597,625854,1,16099
Guatemala,GT,2021-12-31,821,626675,3,16102
